$ANSIBLE_VAULT;1.1;AES256
35326532633161373135396537613835323136326263626134313566316236323633666136326661
6133343034666233613034386530303737376336616636620a343733393438323835303566343134
32663530396364626562613565626239656537663036303130366662386137363736363033393231
6666626330333432610a613231643539643566663737643633636234383034646433326232643862
66386236333933663830356132383162373262613137393138366464653836393161633266623365
63636233306465653661623430383465636431303332313331353131353730656130313434306438
38346663393433356133666138323935356561656462303739353163353230656533633965343063
66393038623032646364353435623731363463333433613765363130343161333662316562393637
31633762663333623931323236613262616336666666373164346161303261366563396261616165
39316233343937303138373832633339386462386439666330666132323038663662373764643830
66656262663661643162643863353733353363313535353631353563326138623130363462336365
64613663366439323266633965383466666465656230363038643930323930383137366237613162
35306232373338356366306133313732663962663535626661323332623735386537326137646366
39633639336233346637653665666464636136386364613230626264616665386331386230353065
34616362653635623834333965333166326532373161376133616637366664323432316665376437
62373138623064373936353734303634386365373334613264313362323230303437323132383361
30356635356363623839393638356236363937336364366635663666333434656364653036386431
32313039376535623961323238363363626564336636643233336238346434336564383630396562
35616465636237373964333461636137623536376331353566636232346236383631383962633631
38623666636236353231326664323830663963386134396565303262373930383431353766633834
31326435316661656434313462303132376534613361383965653735366233333461626631623338
65653832313464326539336131353235623737633434623730336138653835656135626632386665
39303464633238646433336436626461653835656136393737343963633564313166386435323461
36633430336433663732383338363166303239636534363863653132353533633666633637633234
32623966643236663365346132663137393539343238623131363736383064623864363737613333
33363831346162333931373461363730323235646337653137656462323861313531343162323734
32336536353661383538376539333637396532396665626238633132663663363732616532303237
66613466313734666464386534313865346631366631653361373237356365303862363637313234
30656437633962363261643761306232306231306137366165353433366631383539393631346133
66643362393361373132656430393262353734373435313063363236613731396131346433373566
31373265666430353966386532626436656366383263353465306630366631396637393839303039
31613631646266623362386465653031346638626161373236306636373939356335636437636361
65326561383534613030363161353663656132353763613235353562373465356563
