$ANSIBLE_VAULT;1.1;AES256
36333835376232353935333764616633336134333966336264663932646539636631306537663433
6332326633343435616433333636613339643535393162380a366639646530326438666530653464
30613166653963343162616134613065306364326635666636386163626537343336353937393761
3032653065613364300a636662613765613565303663326431353166316638643762613133303930
36613835383537306231646361626161376465613164643631376366376639353134656338633537
32313334376266633966313764656666323662323332346531636666666433663439613235653539
39376364333962393032316162646239303133323139386265363266623938323765373038383031
64356464383236656538633265626633363539356536333735313730663662343731633430353331
34313034376631316537663331396663643966396438383465343165336338323865653337393839
38383065313637386363613832666361353632613565353034333233613163626330663532393862
326264336335613430373038656666336135
